[]
[(1104, 584, 32), (84, 456, 48), (96, 456, 48), (1092, 576, 48), (80, 448, 64), (72, 432, 96)]
[(440, 544, 32), (448, 544, 32), (1264, 552, 32), (1272, 552, 32), (1260, 540, 48)]
[(360, 444, 48), (372, 444, 48), (352, 432, 64), (352, 448, 64)]
[(384, 488, 32), (384, 496, 32), (488, 584, 32), (372, 492, 48), (384, 492, 48), (368, 480, 64)]
[(848, 504, 32), (168, 512, 32), (224, 520, 32), (840, 492, 48), (216, 516, 48)]
[(856, 504, 32)]
[(904, 472, 32), (904, 480, 32), (904, 488, 32), (912, 488, 32), (1208, 680, 32), (888, 480, 48), (900, 480, 48), (1200, 660, 48), (1200, 672, 48), (1200, 684, 48)]
[(208, 512, 32), (120, 672, 32), (948, 372, 48)]
[(808, 504, 32), (312, 512, 32), (256, 632, 32), (300, 504, 48), (128, 624, 64)]
[(672, 560, 64)]
[(840, 488, 32), (840, 520, 32)]
[]
[(480, 544, 32), (1128, 560, 32), (1136, 560, 32), (1128, 552, 48)]
[]
[(880, 536, 32), (888, 536, 32), (880, 544, 32), (384, 568, 32), (888, 568, 32), (372, 528, 48), (876, 528, 48), (372, 564, 48)]
[(872, 536, 32)]
[]
[(936, 592, 32)]
[(848, 416, 32), (40, 632, 32), (48, 632, 32), (36, 624, 48)]
[(864, 424, 32)]
[(776, 440, 32), (784, 440, 32)]
[]
[(984, 384, 48), (976, 368, 64), (960, 360, 96)]
[(664, 384, 32), (816, 456, 32), (816, 464, 32), (384, 504, 48), (384, 496, 64)]
[(1044, 384, 48)]
[(856, 408, 32), (864, 408, 32), (856, 448, 32), (852, 396, 48)]
[]
[(984, 264, 96)]
[(1176, 360, 96)]
[(504, 416, 32), (1168, 480, 32), (1164, 480, 48), (1216, 320, 64), (1152, 464, 64)]
[(800, 432, 32), (800, 440, 32), (800, 480, 32), (564, 408, 48), (792, 432, 48)]
[(104, 384, 32)]
[(632, 456, 32), (1272, 204, 48), (1264, 192, 64)]
[(528, 376, 32), (536, 376, 32), (516, 372, 48), (528, 372, 48), (552, 168, 96)]
[(832, 424, 32)]
[(840, 496, 32), (920, 584, 32)]
[(848, 384, 32), (872, 408, 32)]
[(912, 376, 32), (216, 744, 32), (552, 252, 48), (544, 240, 64)]
[(752, 392, 32), (288, 504, 48)]
[(1104, 352, 64)]
[(24, 420, 48)]
[(876, 336, 48), (864, 336, 64)]
[]
[(72, 456, 32), (64, 512, 64)]
[(0, 544, 32), (1032, 312, 48), (1044, 312, 48), (1024, 304, 64)]
[(560, 432, 32), (832, 456, 32)]
[(992, 456, 32)]
[(368, 400, 32), (904, 424, 32), (1056, 424, 32), (152, 464, 32), (352, 496, 32), (440, 496, 32), (360, 384, 48), (456, 444, 48), (144, 456, 48), (540, 456, 48), (448, 432, 64), (528, 448, 64)]
[(824, 312, 32), (816, 300, 48), (592, 624, 64)]
[(904, 56, 32), (376, 728, 32)]
[(808, 344, 32), (800, 368, 32), (1080, 488, 32), (804, 348, 48), (792, 408, 48), (804, 408, 48)]
[(864, 328, 32), (696, 520, 32)]
[(1016, 592, 32), (1128, 616, 32), (1216, 464, 64)]
[(400, 136, 32), (1160, 400, 32), (1072, 680, 32), (1080, 680, 32), (1068, 672, 48), (1232, 304, 64)]
[(288, 368, 32), (280, 392, 32), (1112, 576, 32), (936, 324, 48), (1224, 600, 48), (608, 592, 64)]
[(192, 408, 32), (568, 464, 32)]
[]
[]
[(992, 432, 32), (1000, 432, 32)]
[(944, 424, 32), (264, 600, 32), (168, 624, 32), (936, 420, 48)]
[(1136, 400, 32)]
[(948, 432, 48)]
[(816, 312, 32), (472, 560, 32), (520, 560, 32), (840, 312, 48), (456, 552, 48), (516, 552, 48), (288, 564, 48), (800, 304, 64), (832, 304, 64), (800, 320, 64)]
[(848, 400, 32), (848, 440, 32)]
[(704, 408, 32), (704, 416, 32), (696, 424, 32), (704, 424, 32), (552, 464, 32), (696, 408, 48), (688, 400, 64)]
[]
[(752, 192, 32), (16, 400, 32), (736, 440, 32)]
[(1080, 240, 96)]
[(512, 368, 32), (900, 396, 48), (896, 384, 64)]
[(1008, 312, 48), (992, 304, 64), (1008, 304, 64), (984, 288, 96)]
[(848, 392, 32), (840, 348, 48), (840, 384, 48), (832, 336, 64)]
[(900, 324, 48)]
[(432, 416, 32), (304, 424, 32), (312, 424, 32), (432, 424, 32), (420, 408, 48), (300, 420, 48), (416, 400, 64)]
[(392, 568, 32)]
[(1008, 384, 32), (1008, 392, 32), (672, 400, 32), (1008, 416, 32)]
[]
[(528, 480, 32), (392, 544, 32)]
[(704, 408, 32)]
[(248, 224, 32), (720, 408, 48)]
[(368, 440, 32), (900, 396, 48), (896, 384, 64)]
[(816, 432, 32)]
[(568, 144, 32), (568, 200, 32), (276, 420, 48)]
[(384, 448, 32), (424, 448, 32), (888, 448, 32), (200, 488, 32)]
[(624, 576, 96), (624, 600, 96), (608, 576, 128), (608, 608, 128)]
[(672, 592, 32), (492, 456, 48), (612, 504, 48), (480, 448, 64), (976, 496, 64), (448, 416, 128)]
[(372, 432, 48)]
[(728, 536, 32)]
[(936, 104, 32), (972, 276, 48), (960, 272, 64)]
[(40, 144, 32), (592, 488, 32), (952, 552, 32), (952, 560, 32), (712, 576, 32), (948, 552, 48)]
[]
[]
[(1056, 360, 32), (1044, 348, 48)]
[(984, 384, 32), (992, 384, 32)]
[(808, 408, 32), (808, 416, 32)]
[(968, 272, 32), (968, 368, 32), (792, 384, 32), (872, 400, 32), (1232, 416, 32), (948, 264, 48), (960, 264, 48), (1224, 408, 48), (944, 256, 64), (936, 240, 96)]
[(400, 312, 32), (712, 416, 32), (1024, 456, 32), (800, 496, 32)]
[(968, 328, 32), (960, 324, 48), (960, 336, 48), (944, 320, 64), (960, 336, 64), (936, 312, 96)]
[(248, 408, 32), (736, 408, 32)]
[(168, 272, 32), (728, 416, 32)]
